SAT 3 -1 1 1 
SAT 16
SAT
0 3 1 10 9 10 9 1 7 10 8 9 10 3 1 5 1 5 2 1 
0 0 2 4 5 1 7 8 4 9 7 6 4 2 4 2 7 4 3 4 
0 0 0 3 2 6 5 9 3 8 1 5 10 5 1 5 6 2 1 2 
0 0 0 0 1 3 4 2 1 6 3 2 9 6 2 3 4 5 3 4 
0 0 0 0 0 2 1 6 3 4 5 6 7 8 9 10 1 2 6 4 
0 0 0 0 0 0 3 4 5 6 7 8 9 10 1 2 3 7 8 9 
0 0 0 0 0 0 0 6 7 8 9 10 1 2 3 4 8 10 1 2 
0 0 0 0 0 0 0 0 1 10 1 2 3 4 5 1 9 2 3 4 
0 0 0 0 0 0 0 0 0 2 3 4 5 6 7 2 3 4 1 4 
0 0 0 0 0 0 0 0 0 0 5 6 7 8 9 10 5 2 5 6 
0 0 0 0 0 0 0 0 0 0 0 8 9 10 1 8 3 1 4 6 
0 0 0 0 0 0 0 0 0 0 0 0 1 2 3 4 5 6 7 8 
0 0 0 0 0 0 0 0 0 0 0 0 0 4 5 6 7 8 9 10 
0 0 0 0 0 0 0 0 0 0 0 0 0 0 1 8 9 10 1 10 
0 0 0 0 0 0 0 0 0 0 0 0 0 0 0 2 1 2 3 4 
0 0 0 0 0 0 0 0 0 0 0 0 0 0 0 0 3 4 5 6 
0 0 0 0 0 0 0 0 0 0 0 0 0 0 0 0 0 6 7 8 
0 0 0 0 0 0 0 0 0 0 0 0 0 0 0 0 0 0 9 10 
0 0 0 0 0 0 0 0 0 0 0 0 0 0 0 0 0 0 0 10 
0 0 0 0 0 0 0 0 0 0 0 0 0 0 0 0 0 0 0 0 
